GRB190829A	0.0	500	4	0	1	2.5
GRB190829A	0.0	500	4	0	1	2.0
GRB190829A	0.2	500	4	0	1	2.5
GRB190829A	0.2	500	4	0	1	2.0
GRB190829A	0.4	500	4	0	1	2.5
GRB190829A	0.4	500	4	0	1	2.0
GRB190829A	0.6	500	4	0	1	2.5
GRB190829A	0.6	500	4	0	1	2.0
GRB190829A	0.8	500	4	0	1	2.5
GRB190829A	0.8	500	4	0	1	2.0
GRB190829A	1.0	500	4	0	1	2.5
GRB190829A	1.0	500	4	0	1	2.0
GRB190829A	1.2	500	4	0	1	2.5
GRB190829A	1.2	500	4	0	1	2.0
GRB190829A	1.4	500	4	0	1	2.5
GRB190829A	1.4	500	4	0	1	2.0
GRB190829A	1.6	500	4	0	1	2.5
GRB190829A	1.6	500	4	0	1	2.0
GRB190829A	1.8	500	4	0	1	2.5
GRB190829A	1.8	500	4	0	1	2.0
GRB190829A	2.0	500	4	0	1	2.5
GRB190829A	2.0	500	4	0	1	2.0
GRB190829A	2.2	500	4	0	1	2.5
GRB190829A	2.2	500	4	0	1	2.0
GRB190829A	2.4	500	4	0	1	2.5
GRB190829A	2.4	500	4	0	1	2.0
GRB190829A	2.6	500	4	0	1	2.5
GRB190829A	2.6	500	4	0	1	2.0
GRB190829A	2.8	500	4	0	1	2.5
GRB190829A	2.8	500	4	0	1	2.0
GRB190829A	3.0	500	4	0	1	2.5
GRB190829A	3.0	500	4	0	1	2.0
GRB190829A	3.2	500	4	0	1	2.5
GRB190829A	3.2	500	4	0	1	2.0
GRB190829A	3.4	500	4	0	1	2.5
GRB190829A	3.4	500	4	0	1	2.0
GRB190829A	3.6	500	4	0	1	2.5
GRB190829A	3.6	500	4	0	1	2.0
GRB190829A	3.8	500	4	0	1	2.5
GRB190829A	3.8	500	4	0	1	2.0
GRB190829A	4.0	500	4	0	1	2.5
GRB190829A	4.0	500	4	0	1	2.0
GRB190829A	4.2	500	4	0	1	2.5
GRB190829A	4.2	500	4	0	1	2.0
GRB190829A	4.4	500	4	0	1	2.5
GRB190829A	4.4	500	4	0	1	2.0
GRB190829A	4.6	500	4	0	1	2.5
GRB190829A	4.6	500	4	0	1	2.0
GRB190829A	4.8	500	4	0	1	2.5
GRB190829A	4.8	500	4	0	1	2.0
GRB190829A	5.0	500	4	0	1	2.5
GRB190829A	5.0	500	4	0	1	2.0
GRB190829A	5.2	500	4	0	1	2.5
GRB190829A	5.2	500	4	0	1	2.0
GRB190829A	5.4	500	4	0	1	2.5
GRB190829A	5.4	500	4	0	1	2.0
GRB190829A	5.6	500	4	0	1	2.5
GRB190829A	5.6	500	4	0	1	2.0
GRB190829A	5.8	500	4	0	1	2.5
GRB190829A	5.8	500	4	0	1	2.0
GRB190829A	6.0	500	4	0	1	2.5
GRB190829A	6.0	500	4	0	1	2.0
GRB190829A	6.2	500	4	0	1	2.5
GRB190829A	6.2	500	4	0	1	2.0
GRB190829A	6.4	500	4	0	1	2.5
GRB190829A	6.4	500	4	0	1	2.0
GRB190829A	6.6	500	4	0	1	2.5
GRB190829A	6.6	500	4	0	1	2.0
GRB190829A	6.8	500	4	0	1	2.5
GRB190829A	6.8	500	4	0	1	2.0
GRB190829A	7.0	500	4	0	1	2.5
GRB190829A	7.0	500	4	0	1	2.0
GRB190829A	7.2	500	4	0	1	2.5
GRB190829A	7.2	500	4	0	1	2.0
GRB190829A	7.4	500	4	0	1	2.5
GRB190829A	7.4	500	4	0	1	2.0
GRB190829A	7.6	500	4	0	1	2.5
GRB190829A	7.6	500	4	0	1	2.0
GRB190829A	7.8	500	4	0	1	2.5
GRB190829A	7.8	500	4	0	1	2.0
GRB190829A	8.0	500	4	0	1	2.5
GRB190829A	8.0	500	4	0	1	2.0
GRB190829A	8.2	500	4	0	1	2.5
GRB190829A	8.2	500	4	0	1	2.0
GRB190829A	8.4	500	4	0	1	2.5
GRB190829A	8.4	500	4	0	1	2.0
GRB190829A	8.6	500	4	0	1	2.5
GRB190829A	8.6	500	4	0	1	2.0
GRB190829A	8.8	500	4	0	1	2.5
GRB190829A	8.8	500	4	0	1	2.0
GRB190829A	9.0	500	4	0	1	2.5
GRB190829A	9.0	500	4	0	1	2.0
GRB190114C	0.0	500	4	0	1	2.5
GRB190114C	0.0	500	4	0	1	2.0
GRB190114C	0.2	500	4	0	1	2.5
GRB190114C	0.2	500	4	0	1	2.0
GRB190114C	0.4	500	4	0	1	2.5
GRB190114C	0.4	500	4	0	1	2.0
GRB190114C	0.6	500	4	0	1	2.5
GRB190114C	0.6	500	4	0	1	2.0
GRB190114C	0.8	500	4	0	1	2.5
GRB190114C	0.8	500	4	0	1	2.0
GRB190114C	1.0	500	4	0	1	2.5
GRB190114C	1.0	500	4	0	1	2.0
GRB190114C	1.2	500	4	0	1	2.5
GRB190114C	1.2	500	4	0	1	2.0
GRB190114C	1.4	500	4	0	1	2.5
GRB190114C	1.4	500	4	0	1	2.0
GRB190114C	1.6	500	4	0	1	2.5
GRB190114C	1.6	500	4	0	1	2.0
GRB190114C	1.8	500	4	0	1	2.5
GRB190114C	1.8	500	4	0	1	2.0
GRB190114C	2.0	500	4	0	1	2.5
GRB190114C	2.0	500	4	0	1	2.0
GRB190114C	2.2	500	4	0	1	2.5
GRB190114C	2.2	500	4	0	1	2.0
GRB190114C	2.4	500	4	0	1	2.5
GRB190114C	2.4	500	4	0	1	2.0
GRB190114C	2.6	500	4	0	1	2.5
GRB190114C	2.6	500	4	0	1	2.0
GRB190114C	2.8	500	4	0	1	2.5
GRB190114C	2.8	500	4	0	1	2.0
GRB190114C	3.0	500	4	0	1	2.5
GRB190114C	3.0	500	4	0	1	2.0
GRB190114C	3.2	500	4	0	1	2.5
GRB190114C	3.2	500	4	0	1	2.0
GRB190114C	3.4	500	4	0	1	2.5
GRB190114C	3.4	500	4	0	1	2.0
GRB190114C	3.6	500	4	0	1	2.5
GRB190114C	3.6	500	4	0	1	2.0
GRB190114C	3.8	500	4	0	1	2.5
GRB190114C	3.8	500	4	0	1	2.0
GRB190114C	4.0	500	4	0	1	2.5
GRB190114C	4.0	500	4	0	1	2.0
GRB190114C	4.2	500	4	0	1	2.5
GRB190114C	4.2	500	4	0	1	2.0
GRB190114C	4.4	500	4	0	1	2.5
GRB190114C	4.4	500	4	0	1	2.0
GRB190114C	4.6	500	4	0	1	2.5
GRB190114C	4.6	500	4	0	1	2.0
GRB190114C	4.8	500	4	0	1	2.5
GRB190114C	4.8	500	4	0	1	2.0
GRB190114C	5.0	500	4	0	1	2.5
GRB190114C	5.0	500	4	0	1	2.0
GRB190114C	5.2	500	4	0	1	2.5
GRB190114C	5.2	500	4	0	1	2.0
GRB190114C	5.4	500	4	0	1	2.5
GRB190114C	5.4	500	4	0	1	2.0
GRB190114C	5.6	500	4	0	1	2.5
GRB190114C	5.6	500	4	0	1	2.0
GRB190114C	5.8	500	4	0	1	2.5
GRB190114C	5.8	500	4	0	1	2.0
GRB190114C	6.0	500	4	0	1	2.5
GRB190114C	6.0	500	4	0	1	2.0
GRB190114C	6.2	500	4	0	1	2.5
GRB190114C	6.2	500	4	0	1	2.0
GRB190114C	6.4	500	4	0	1	2.5
GRB190114C	6.4	500	4	0	1	2.0
GRB190114C	6.6	500	4	0	1	2.5
GRB190114C	6.6	500	4	0	1	2.0
GRB190114C	6.8	500	4	0	1	2.5
GRB190114C	6.8	500	4	0	1	2.0
GRB190114C	7.0	500	4	0	1	2.5
GRB190114C	7.0	500	4	0	1	2.0
GRB190114C	7.2	500	4	0	1	2.5
GRB190114C	7.2	500	4	0	1	2.0
GRB190114C	7.4	500	4	0	1	2.5
GRB190114C	7.4	500	4	0	1	2.0
GRB190114C	7.6	500	4	0	1	2.5
GRB190114C	7.6	500	4	0	1	2.0
GRB190114C	7.8	500	4	0	1	2.5
GRB190114C	7.8	500	4	0	1	2.0
GRB190114C	8.0	500	4	0	1	2.5
GRB190114C	8.0	500	4	0	1	2.0
GRB190114C	8.2	500	4	0	1	2.5
GRB190114C	8.2	500	4	0	1	2.0
GRB190114C	8.4	500	4	0	1	2.5
GRB190114C	8.4	500	4	0	1	2.0
GRB190114C	8.6	500	4	0	1	2.5
GRB190114C	8.6	500	4	0	1	2.0
GRB190114C	8.8	500	4	0	1	2.5
GRB190114C	8.8	500	4	0	1	2.0
GRB190114C	9.0	500	4	0	1	2.5
GRB190114C	9.0	500	4	0	1	2.0
