GRB180423A	0.0	500	4	0	1
GRB180423A	0.2	500	4	0	1
GRB180423A	0.4	500	4	0	1
GRB180423A	0.6	500	4	0	1
GRB180423A	0.8	500	4	0	1
GRB180423A	1.0	500	4	0	1
GRB180423A	1.2	500	4	0	1
GRB180423A	1.4	500	4	0	1
GRB180423A	1.6	500	4	0	1
GRB180423A	1.8	500	4	0	1
GRB180423A	2.0	500	4	0	1
GRB180423A	2.2	500	4	0	1
GRB180423A	2.4	500	4	0	1
GRB180423A	2.6	500	4	0	1
GRB180423A	2.8	500	4	0	1
GRB180423A	3.0	500	4	0	1
GRB180423A	3.2	500	4	0	1
GRB180423A	3.4	500	4	0	1
GRB180423A	3.6	500	4	0	1
GRB180423A	3.8	500	4	0	1
GRB180423A	4.0	500	4	0	1
GRB180423A	4.2	500	4	0	1
GRB180423A	4.4	500	4	0	1
GRB180423A	4.6	500	4	0	1
GRB180423A	4.8	500	4	0	1
GRB180423A	5.0	500	4	0	1
GRB180423A	5.2	500	4	0	1
GRB180423A	5.4	500	4	0	1
GRB180423A	5.6	500	4	0	1
GRB180423A	5.8	500	4	0	1
GRB180423A	6.0	500	4	0	1
GRB180423A	6.2	500	4	0	1
GRB180423A	6.4	500	4	0	1
GRB180423A	6.6	500	4	0	1
GRB180423A	6.8	500	4	0	1
GRB180423A	7.0	500	4	0	1
GRB180423A	7.2	500	4	0	1
GRB180423A	7.4	500	4	0	1
GRB180423A	7.6	500	4	0	1
GRB180423A	7.8	500	4	0	1
GRB180423A	8.0	500	4	0	1
GRB180423A	8.2	500	4	0	1
GRB180423A	8.4	500	4	0	1
GRB180423A	8.6	500	4	0	1
GRB180423A	8.8	500	4	0	1
GRB180423A	9.0	500	4	0	1
GRB150716A	0.0	500	4	0	1
GRB150716A	0.2	500	4	0	1
GRB150716A	0.4	500	4	0	1
GRB150716A	0.6	500	4	0	1
GRB150716A	0.8	500	4	0	1
GRB150716A	1.0	500	4	0	1
GRB150716A	1.2	500	4	0	1
GRB150716A	1.4	500	4	0	1
GRB150716A	1.6	500	4	0	1
GRB150716A	1.8	500	4	0	1
GRB150716A	2.0	500	4	0	1
GRB150716A	2.2	500	4	0	1
GRB150716A	2.4	500	4	0	1
GRB150716A	2.6	500	4	0	1
GRB150716A	2.8	500	4	0	1
GRB150716A	3.0	500	4	0	1
GRB150716A	3.2	500	4	0	1
GRB150716A	3.4	500	4	0	1
GRB150716A	3.6	500	4	0	1
GRB150716A	3.8	500	4	0	1
GRB150716A	4.0	500	4	0	1
GRB150716A	4.2	500	4	0	1
GRB150716A	4.4	500	4	0	1
GRB150716A	4.6	500	4	0	1
GRB150716A	4.8	500	4	0	1
GRB150716A	5.0	500	4	0	1
GRB150716A	5.2	500	4	0	1
GRB150716A	5.4	500	4	0	1
GRB150716A	5.6	500	4	0	1
GRB150716A	5.8	500	4	0	1
GRB150716A	6.0	500	4	0	1
GRB150716A	6.2	500	4	0	1
GRB150716A	6.4	500	4	0	1
GRB150716A	6.6	500	4	0	1
GRB150716A	6.8	500	4	0	1
GRB150716A	7.0	500	4	0	1
GRB150716A	7.2	500	4	0	1
GRB150716A	7.4	500	4	0	1
GRB150716A	7.6	500	4	0	1
GRB150716A	7.8	500	4	0	1
GRB150716A	8.0	500	4	0	1
GRB150716A	8.2	500	4	0	1
GRB150716A	8.4	500	4	0	1
GRB150716A	8.6	500	4	0	1
GRB150716A	8.8	500	4	0	1
GRB150716A	9.0	500	4	0	1
GRB160822A	0.0	500	4	0	1
GRB160822A	0.2	500	4	0	1
GRB160822A	0.4	500	4	0	1
GRB160822A	0.6	500	4	0	1
GRB160822A	0.8	500	4	0	1
GRB160822A	1.0	500	4	0	1
GRB160822A	1.2	500	4	0	1
GRB160822A	1.4	500	4	0	1
GRB160822A	1.6	500	4	0	1
GRB160822A	1.8	500	4	0	1
GRB160822A	2.0	500	4	0	1
GRB160822A	2.2	500	4	0	1
GRB160822A	2.4	500	4	0	1
GRB160822A	2.6	500	4	0	1
GRB160822A	2.8	500	4	0	1
GRB160822A	3.0	500	4	0	1
GRB160822A	3.2	500	4	0	1
GRB160822A	3.4	500	4	0	1
GRB160822A	3.6	500	4	0	1
GRB160822A	3.8	500	4	0	1
GRB160822A	4.0	500	4	0	1
GRB160822A	4.2	500	4	0	1
GRB160822A	4.4	500	4	0	1
GRB160822A	4.6	500	4	0	1
GRB160822A	4.8	500	4	0	1
GRB160822A	5.0	500	4	0	1
GRB160822A	5.2	500	4	0	1
GRB160822A	5.4	500	4	0	1
GRB160822A	5.6	500	4	0	1
GRB160822A	5.8	500	4	0	1
GRB160822A	6.0	500	4	0	1
GRB160822A	6.2	500	4	0	1
GRB160822A	6.4	500	4	0	1
GRB160822A	6.6	500	4	0	1
GRB160822A	6.8	500	4	0	1
GRB160822A	7.0	500	4	0	1
GRB160822A	7.2	500	4	0	1
GRB160822A	7.4	500	4	0	1
GRB160822A	7.6	500	4	0	1
GRB160822A	7.8	500	4	0	1
GRB160822A	8.0	500	4	0	1
GRB160822A	8.2	500	4	0	1
GRB160822A	8.4	500	4	0	1
GRB160822A	8.6	500	4	0	1
GRB160822A	8.8	500	4	0	1
GRB160822A	9.0	500	4	0	1
GRB190623A	0.0	500	4	0	1
GRB190623A	0.2	500	4	0	1
GRB190623A	0.4	500	4	0	1
GRB190623A	0.6	500	4	0	1
GRB190623A	0.8	500	4	0	1
GRB190623A	1.0	500	4	0	1
GRB190623A	1.2	500	4	0	1
GRB190623A	1.4	500	4	0	1
GRB190623A	1.6	500	4	0	1
GRB190623A	1.8	500	4	0	1
GRB190623A	2.0	500	4	0	1
GRB190623A	2.2	500	4	0	1
GRB190623A	2.4	500	4	0	1
GRB190623A	2.6	500	4	0	1
GRB190623A	2.8	500	4	0	1
GRB190623A	3.0	500	4	0	1
GRB190623A	3.2	500	4	0	1
GRB190623A	3.4	500	4	0	1
GRB190623A	3.6	500	4	0	1
GRB190623A	3.8	500	4	0	1
GRB190623A	4.0	500	4	0	1
GRB190623A	4.2	500	4	0	1
GRB190623A	4.4	500	4	0	1
GRB190623A	4.6	500	4	0	1
GRB190623A	4.8	500	4	0	1
GRB190623A	5.0	500	4	0	1
GRB190623A	5.2	500	4	0	1
GRB190623A	5.4	500	4	0	1
GRB190623A	5.6	500	4	0	1
GRB190623A	5.8	500	4	0	1
GRB190623A	6.0	500	4	0	1
GRB190623A	6.2	500	4	0	1
GRB190623A	6.4	500	4	0	1
GRB190623A	6.6	500	4	0	1
GRB190623A	6.8	500	4	0	1
GRB190623A	7.0	500	4	0	1
GRB190623A	7.2	500	4	0	1
GRB190623A	7.4	500	4	0	1
GRB190623A	7.6	500	4	0	1
GRB190623A	7.8	500	4	0	1
GRB190623A	8.0	500	4	0	1
GRB190623A	8.2	500	4	0	1
GRB190623A	8.4	500	4	0	1
GRB190623A	8.6	500	4	0	1
GRB190623A	8.8	500	4	0	1
GRB190623A	9.0	500	4	0	1
GRB160709B	0.0	500	4	0	1
GRB160709B	0.2	500	4	0	1
GRB160709B	0.4	500	4	0	1
GRB160709B	0.6	500	4	0	1
GRB160709B	0.8	500	4	0	1
GRB160709B	1.0	500	4	0	1
GRB160709B	1.2	500	4	0	1
GRB160709B	1.4	500	4	0	1
GRB160709B	1.6	500	4	0	1
GRB160709B	1.8	500	4	0	1
GRB160709B	2.0	500	4	0	1
GRB160709B	2.2	500	4	0	1
GRB160709B	2.4	500	4	0	1
GRB160709B	2.6	500	4	0	1
GRB160709B	2.8	500	4	0	1
GRB160709B	3.0	500	4	0	1
GRB160709B	3.2	500	4	0	1
GRB160709B	3.4	500	4	0	1
GRB160709B	3.6	500	4	0	1
GRB160709B	3.8	500	4	0	1
GRB160709B	4.0	500	4	0	1
GRB160709B	4.2	500	4	0	1
GRB160709B	4.4	500	4	0	1
GRB160709B	4.6	500	4	0	1
GRB160709B	4.8	500	4	0	1
GRB160709B	5.0	500	4	0	1
GRB160709B	5.2	500	4	0	1
GRB160709B	5.4	500	4	0	1
GRB160709B	5.6	500	4	0	1
GRB160709B	5.8	500	4	0	1
GRB160709B	6.0	500	4	0	1
GRB160709B	6.2	500	4	0	1
GRB160709B	6.4	500	4	0	1
GRB160709B	6.6	500	4	0	1
GRB160709B	6.8	500	4	0	1
GRB160709B	7.0	500	4	0	1
GRB160709B	7.2	500	4	0	1
GRB160709B	7.4	500	4	0	1
GRB160709B	7.6	500	4	0	1
GRB160709B	7.8	500	4	0	1
GRB160709B	8.0	500	4	0	1
GRB160709B	8.2	500	4	0	1
GRB160709B	8.4	500	4	0	1
GRB160709B	8.6	500	4	0	1
GRB160709B	8.8	500	4	0	1
GRB160709B	9.0	500	4	0	1
