GRB140712A	0.0	500	4	0	1
GRB140712A	0.2	500	4	0	1
GRB140712A	0.4	500	4	0	1
GRB140712A	0.6	500	4	0	1
GRB140712A	0.8	500	4	0	1
GRB140712A	1.0	500	4	0	1
GRB140712A	1.2	500	4	0	1
GRB140712A	1.4	500	4	0	1
GRB140712A	1.6	500	4	0	1
GRB140712A	1.8	500	4	0	1
GRB140712A	2.0	500	4	0	1
GRB140712A	2.2	500	4	0	1
GRB140712A	2.4	500	4	0	1
GRB140712A	2.6	500	4	0	1
GRB140712A	2.8	500	4	0	1
GRB140712A	3.0	500	4	0	1
GRB140712A	3.2	500	4	0	1
GRB140712A	3.4	500	4	0	1
GRB140712A	3.6	500	4	0	1
GRB140712A	3.8	500	4	0	1
GRB140712A	4.0	500	4	0	1
GRB140712A	4.2	500	4	0	1
GRB140712A	4.4	500	4	0	1
GRB140712A	4.6	500	4	0	1
GRB140712A	4.8	500	4	0	1
GRB140712A	5.0	500	4	0	1
GRB140712A	5.2	500	4	0	1
GRB140712A	5.4	500	4	0	1
GRB140712A	5.6	500	4	0	1
GRB140712A	5.8	500	4	0	1
GRB140712A	6.0	500	4	0	1
GRB140712A	6.2	500	4	0	1
GRB140712A	6.4	500	4	0	1
GRB140712A	6.6	500	4	0	1
GRB140712A	6.8	500	4	0	1
GRB140712A	7.0	500	4	0	1
GRB140712A	7.2	500	4	0	1
GRB140712A	7.4	500	4	0	1
GRB140712A	7.6	500	4	0	1
GRB140712A	7.8	500	4	0	1
GRB140712A	8.0	500	4	0	1
GRB140712A	8.2	500	4	0	1
GRB140712A	8.4	500	4	0	1
GRB140712A	8.6	500	4	0	1
GRB140712A	8.8	500	4	0	1
GRB140712A	9.0	500	4	0	1
GRB170610B	0.0	500	4	0	1
GRB170610B	0.2	500	4	0	1
GRB170610B	0.4	500	4	0	1
GRB170610B	0.6	500	4	0	1
GRB170610B	0.8	500	4	0	1
GRB170610B	1.0	500	4	0	1
GRB170610B	1.2	500	4	0	1
GRB170610B	1.4	500	4	0	1
GRB170610B	1.6	500	4	0	1
GRB170610B	1.8	500	4	0	1
GRB170610B	2.0	500	4	0	1
GRB170610B	2.2	500	4	0	1
GRB170610B	2.4	500	4	0	1
GRB170610B	2.6	500	4	0	1
GRB170610B	2.8	500	4	0	1
GRB170610B	3.0	500	4	0	1
GRB170610B	3.2	500	4	0	1
GRB170610B	3.4	500	4	0	1
GRB170610B	3.6	500	4	0	1
GRB170610B	3.8	500	4	0	1
GRB170610B	4.0	500	4	0	1
GRB170610B	4.2	500	4	0	1
GRB170610B	4.4	500	4	0	1
GRB170610B	4.6	500	4	0	1
GRB170610B	4.8	500	4	0	1
GRB170610B	5.0	500	4	0	1
GRB170610B	5.2	500	4	0	1
GRB170610B	5.4	500	4	0	1
GRB170610B	5.6	500	4	0	1
GRB170610B	5.8	500	4	0	1
GRB170610B	6.0	500	4	0	1
GRB170610B	6.2	500	4	0	1
GRB170610B	6.4	500	4	0	1
GRB170610B	6.6	500	4	0	1
GRB170610B	6.8	500	4	0	1
GRB170610B	7.0	500	4	0	1
GRB170610B	7.2	500	4	0	1
GRB170610B	7.4	500	4	0	1
GRB170610B	7.6	500	4	0	1
GRB170610B	7.8	500	4	0	1
GRB170610B	8.0	500	4	0	1
GRB170610B	8.2	500	4	0	1
GRB170610B	8.4	500	4	0	1
GRB170610B	8.6	500	4	0	1
GRB170610B	8.8	500	4	0	1
GRB170610B	9.0	500	4	0	1
GRB170830C	0.0	500	4	0	1
GRB170830C	0.2	500	4	0	1
GRB170830C	0.4	500	4	0	1
GRB170830C	0.6	500	4	0	1
GRB170830C	0.8	500	4	0	1
GRB170830C	1.0	500	4	0	1
GRB170830C	1.2	500	4	0	1
GRB170830C	1.4	500	4	0	1
GRB170830C	1.6	500	4	0	1
GRB170830C	1.8	500	4	0	1
GRB170830C	2.0	500	4	0	1
GRB170830C	2.2	500	4	0	1
GRB170830C	2.4	500	4	0	1
GRB170830C	2.6	500	4	0	1
GRB170830C	2.8	500	4	0	1
GRB170830C	3.0	500	4	0	1
GRB170830C	3.2	500	4	0	1
GRB170830C	3.4	500	4	0	1
GRB170830C	3.6	500	4	0	1
GRB170830C	3.8	500	4	0	1
GRB170830C	4.0	500	4	0	1
GRB170830C	4.2	500	4	0	1
GRB170830C	4.4	500	4	0	1
GRB170830C	4.6	500	4	0	1
GRB170830C	4.8	500	4	0	1
GRB170830C	5.0	500	4	0	1
GRB170830C	5.2	500	4	0	1
GRB170830C	5.4	500	4	0	1
GRB170830C	5.6	500	4	0	1
GRB170830C	5.8	500	4	0	1
GRB170830C	6.0	500	4	0	1
GRB170830C	6.2	500	4	0	1
GRB170830C	6.4	500	4	0	1
GRB170830C	6.6	500	4	0	1
GRB170830C	6.8	500	4	0	1
GRB170830C	7.0	500	4	0	1
GRB170830C	7.2	500	4	0	1
GRB170830C	7.4	500	4	0	1
GRB170830C	7.6	500	4	0	1
GRB170830C	7.8	500	4	0	1
GRB170830C	8.0	500	4	0	1
GRB170830C	8.2	500	4	0	1
GRB170830C	8.4	500	4	0	1
GRB170830C	8.6	500	4	0	1
GRB170830C	8.8	500	4	0	1
GRB170830C	9.0	500	4	0	1
GRB140414B	0.0	500	4	0	1
GRB140414B	0.2	500	4	0	1
GRB140414B	0.4	500	4	0	1
GRB140414B	0.6	500	4	0	1
GRB140414B	0.8	500	4	0	1
GRB140414B	1.0	500	4	0	1
GRB140414B	1.2	500	4	0	1
GRB140414B	1.4	500	4	0	1
GRB140414B	1.6	500	4	0	1
GRB140414B	1.8	500	4	0	1
GRB140414B	2.0	500	4	0	1
GRB140414B	2.2	500	4	0	1
GRB140414B	2.4	500	4	0	1
GRB140414B	2.6	500	4	0	1
GRB140414B	2.8	500	4	0	1
GRB140414B	3.0	500	4	0	1
GRB140414B	3.2	500	4	0	1
GRB140414B	3.4	500	4	0	1
GRB140414B	3.6	500	4	0	1
GRB140414B	3.8	500	4	0	1
GRB140414B	4.0	500	4	0	1
GRB140414B	4.2	500	4	0	1
GRB140414B	4.4	500	4	0	1
GRB140414B	4.6	500	4	0	1
GRB140414B	4.8	500	4	0	1
GRB140414B	5.0	500	4	0	1
GRB140414B	5.2	500	4	0	1
GRB140414B	5.4	500	4	0	1
GRB140414B	5.6	500	4	0	1
GRB140414B	5.8	500	4	0	1
GRB140414B	6.0	500	4	0	1
GRB140414B	6.2	500	4	0	1
GRB140414B	6.4	500	4	0	1
GRB140414B	6.6	500	4	0	1
GRB140414B	6.8	500	4	0	1
GRB140414B	7.0	500	4	0	1
GRB140414B	7.2	500	4	0	1
GRB140414B	7.4	500	4	0	1
GRB140414B	7.6	500	4	0	1
GRB140414B	7.8	500	4	0	1
GRB140414B	8.0	500	4	0	1
GRB140414B	8.2	500	4	0	1
GRB140414B	8.4	500	4	0	1
GRB140414B	8.6	500	4	0	1
GRB140414B	8.8	500	4	0	1
GRB140414B	9.0	500	4	0	1
GRB160925A	0.0	500	4	0	1
GRB160925A	0.2	500	4	0	1
GRB160925A	0.4	500	4	0	1
GRB160925A	0.6	500	4	0	1
GRB160925A	0.8	500	4	0	1
GRB160925A	1.0	500	4	0	1
GRB160925A	1.2	500	4	0	1
GRB160925A	1.4	500	4	0	1
GRB160925A	1.6	500	4	0	1
GRB160925A	1.8	500	4	0	1
GRB160925A	2.0	500	4	0	1
GRB160925A	2.2	500	4	0	1
GRB160925A	2.4	500	4	0	1
GRB160925A	2.6	500	4	0	1
GRB160925A	2.8	500	4	0	1
GRB160925A	3.0	500	4	0	1
GRB160925A	3.2	500	4	0	1
GRB160925A	3.4	500	4	0	1
GRB160925A	3.6	500	4	0	1
GRB160925A	3.8	500	4	0	1
GRB160925A	4.0	500	4	0	1
GRB160925A	4.2	500	4	0	1
GRB160925A	4.4	500	4	0	1
GRB160925A	4.6	500	4	0	1
GRB160925A	4.8	500	4	0	1
GRB160925A	5.0	500	4	0	1
GRB160925A	5.2	500	4	0	1
GRB160925A	5.4	500	4	0	1
GRB160925A	5.6	500	4	0	1
GRB160925A	5.8	500	4	0	1
GRB160925A	6.0	500	4	0	1
GRB160925A	6.2	500	4	0	1
GRB160925A	6.4	500	4	0	1
GRB160925A	6.6	500	4	0	1
GRB160925A	6.8	500	4	0	1
GRB160925A	7.0	500	4	0	1
GRB160925A	7.2	500	4	0	1
GRB160925A	7.4	500	4	0	1
GRB160925A	7.6	500	4	0	1
GRB160925A	7.8	500	4	0	1
GRB160925A	8.0	500	4	0	1
GRB160925A	8.2	500	4	0	1
GRB160925A	8.4	500	4	0	1
GRB160925A	8.6	500	4	0	1
GRB160925A	8.8	500	4	0	1
GRB160925A	9.0	500	4	0	1
