GRB160804D	0.0	500	4	0	1	2.5
GRB160804D	0.0	500	4	0	1	2.0
GRB160804D	0.2	500	4	0	1	2.5
GRB160804D	0.2	500	4	0	1	2.0
GRB160804D	0.4	500	4	0	1	2.5
GRB160804D	0.4	500	4	0	1	2.0
GRB160804D	0.6	500	4	0	1	2.5
GRB160804D	0.6	500	4	0	1	2.0
GRB160804D	0.8	500	4	0	1	2.5
GRB160804D	0.8	500	4	0	1	2.0
GRB160804D	1.0	500	4	0	1	2.5
GRB160804D	1.0	500	4	0	1	2.0
GRB160804D	1.2	500	4	0	1	2.5
GRB160804D	1.2	500	4	0	1	2.0
GRB160804D	1.4	500	4	0	1	2.5
GRB160804D	1.4	500	4	0	1	2.0
GRB160804D	1.6	500	4	0	1	2.5
GRB160804D	1.6	500	4	0	1	2.0
GRB160804D	1.8	500	4	0	1	2.5
GRB160804D	1.8	500	4	0	1	2.0
GRB160804D	2.0	500	4	0	1	2.5
GRB160804D	2.0	500	4	0	1	2.0
GRB160804D	2.2	500	4	0	1	2.5
GRB160804D	2.2	500	4	0	1	2.0
GRB160804D	2.4	500	4	0	1	2.5
GRB160804D	2.4	500	4	0	1	2.0
GRB160804D	2.6	500	4	0	1	2.5
GRB160804D	2.6	500	4	0	1	2.0
GRB160804D	2.8	500	4	0	1	2.5
GRB160804D	2.8	500	4	0	1	2.0
GRB160804D	3.0	500	4	0	1	2.5
GRB160804D	3.0	500	4	0	1	2.0
GRB160804D	3.2	500	4	0	1	2.5
GRB160804D	3.2	500	4	0	1	2.0
GRB160804D	3.4	500	4	0	1	2.5
GRB160804D	3.4	500	4	0	1	2.0
GRB160804D	3.6	500	4	0	1	2.5
GRB160804D	3.6	500	4	0	1	2.0
GRB160804D	3.8	500	4	0	1	2.5
GRB160804D	3.8	500	4	0	1	2.0
GRB160804D	4.0	500	4	0	1	2.5
GRB160804D	4.0	500	4	0	1	2.0
GRB160804D	4.2	500	4	0	1	2.5
GRB160804D	4.2	500	4	0	1	2.0
GRB160804D	4.4	500	4	0	1	2.5
GRB160804D	4.4	500	4	0	1	2.0
GRB160804D	4.6	500	4	0	1	2.5
GRB160804D	4.6	500	4	0	1	2.0
GRB160804D	4.8	500	4	0	1	2.5
GRB160804D	4.8	500	4	0	1	2.0
GRB160804D	5.0	500	4	0	1	2.5
GRB160804D	5.0	500	4	0	1	2.0
GRB160804D	5.2	500	4	0	1	2.5
GRB160804D	5.2	500	4	0	1	2.0
GRB160804D	5.4	500	4	0	1	2.5
GRB160804D	5.4	500	4	0	1	2.0
GRB160804D	5.6	500	4	0	1	2.5
GRB160804D	5.6	500	4	0	1	2.0
GRB160804D	5.8	500	4	0	1	2.5
GRB160804D	5.8	500	4	0	1	2.0
GRB160804D	6.0	500	4	0	1	2.5
GRB160804D	6.0	500	4	0	1	2.0
GRB160804D	6.2	500	4	0	1	2.5
GRB160804D	6.2	500	4	0	1	2.0
GRB160804D	6.4	500	4	0	1	2.5
GRB160804D	6.4	500	4	0	1	2.0
GRB160804D	6.6	500	4	0	1	2.5
GRB160804D	6.6	500	4	0	1	2.0
GRB160804D	6.8	500	4	0	1	2.5
GRB160804D	6.8	500	4	0	1	2.0
GRB160804D	7.0	500	4	0	1	2.5
GRB160804D	7.0	500	4	0	1	2.0
GRB160804D	7.2	500	4	0	1	2.5
GRB160804D	7.2	500	4	0	1	2.0
GRB160804D	7.4	500	4	0	1	2.5
GRB160804D	7.4	500	4	0	1	2.0
GRB160804D	7.6	500	4	0	1	2.5
GRB160804D	7.6	500	4	0	1	2.0
GRB160804D	7.8	500	4	0	1	2.5
GRB160804D	7.8	500	4	0	1	2.0
GRB160804D	8.0	500	4	0	1	2.5
GRB160804D	8.0	500	4	0	1	2.0
GRB160804D	8.2	500	4	0	1	2.5
GRB160804D	8.2	500	4	0	1	2.0
GRB160804D	8.4	500	4	0	1	2.5
GRB160804D	8.4	500	4	0	1	2.0
GRB160804D	8.6	500	4	0	1	2.5
GRB160804D	8.6	500	4	0	1	2.0
GRB160804D	8.8	500	4	0	1	2.5
GRB160804D	8.8	500	4	0	1	2.0
GRB160804D	9.0	500	4	0	1	2.5
GRB160804D	9.0	500	4	0	1	2.0
GRB190321A	0.0	500	4	0	1	2.5
GRB190321A	0.0	500	4	0	1	2.0
GRB190321A	0.2	500	4	0	1	2.5
GRB190321A	0.2	500	4	0	1	2.0
GRB190321A	0.4	500	4	0	1	2.5
GRB190321A	0.4	500	4	0	1	2.0
GRB190321A	0.6	500	4	0	1	2.5
GRB190321A	0.6	500	4	0	1	2.0
GRB190321A	0.8	500	4	0	1	2.5
GRB190321A	0.8	500	4	0	1	2.0
GRB190321A	1.0	500	4	0	1	2.5
GRB190321A	1.0	500	4	0	1	2.0
GRB190321A	1.2	500	4	0	1	2.5
GRB190321A	1.2	500	4	0	1	2.0
GRB190321A	1.4	500	4	0	1	2.5
GRB190321A	1.4	500	4	0	1	2.0
GRB190321A	1.6	500	4	0	1	2.5
GRB190321A	1.6	500	4	0	1	2.0
GRB190321A	1.8	500	4	0	1	2.5
GRB190321A	1.8	500	4	0	1	2.0
GRB190321A	2.0	500	4	0	1	2.5
GRB190321A	2.0	500	4	0	1	2.0
GRB190321A	2.2	500	4	0	1	2.5
GRB190321A	2.2	500	4	0	1	2.0
GRB190321A	2.4	500	4	0	1	2.5
GRB190321A	2.4	500	4	0	1	2.0
GRB190321A	2.6	500	4	0	1	2.5
GRB190321A	2.6	500	4	0	1	2.0
GRB190321A	2.8	500	4	0	1	2.5
GRB190321A	2.8	500	4	0	1	2.0
GRB190321A	3.0	500	4	0	1	2.5
GRB190321A	3.0	500	4	0	1	2.0
GRB190321A	3.2	500	4	0	1	2.5
GRB190321A	3.2	500	4	0	1	2.0
GRB190321A	3.4	500	4	0	1	2.5
GRB190321A	3.4	500	4	0	1	2.0
GRB190321A	3.6	500	4	0	1	2.5
GRB190321A	3.6	500	4	0	1	2.0
GRB190321A	3.8	500	4	0	1	2.5
GRB190321A	3.8	500	4	0	1	2.0
GRB190321A	4.0	500	4	0	1	2.5
GRB190321A	4.0	500	4	0	1	2.0
GRB190321A	4.2	500	4	0	1	2.5
GRB190321A	4.2	500	4	0	1	2.0
GRB190321A	4.4	500	4	0	1	2.5
GRB190321A	4.4	500	4	0	1	2.0
GRB190321A	4.6	500	4	0	1	2.5
GRB190321A	4.6	500	4	0	1	2.0
GRB190321A	4.8	500	4	0	1	2.5
GRB190321A	4.8	500	4	0	1	2.0
GRB190321A	5.0	500	4	0	1	2.5
GRB190321A	5.0	500	4	0	1	2.0
GRB190321A	5.2	500	4	0	1	2.5
GRB190321A	5.2	500	4	0	1	2.0
GRB190321A	5.4	500	4	0	1	2.5
GRB190321A	5.4	500	4	0	1	2.0
GRB190321A	5.6	500	4	0	1	2.5
GRB190321A	5.6	500	4	0	1	2.0
GRB190321A	5.8	500	4	0	1	2.5
GRB190321A	5.8	500	4	0	1	2.0
GRB190321A	6.0	500	4	0	1	2.5
GRB190321A	6.0	500	4	0	1	2.0
GRB190321A	6.2	500	4	0	1	2.5
GRB190321A	6.2	500	4	0	1	2.0
GRB190321A	6.4	500	4	0	1	2.5
GRB190321A	6.4	500	4	0	1	2.0
GRB190321A	6.6	500	4	0	1	2.5
GRB190321A	6.6	500	4	0	1	2.0
GRB190321A	6.8	500	4	0	1	2.5
GRB190321A	6.8	500	4	0	1	2.0
GRB190321A	7.0	500	4	0	1	2.5
GRB190321A	7.0	500	4	0	1	2.0
GRB190321A	7.2	500	4	0	1	2.5
GRB190321A	7.2	500	4	0	1	2.0
GRB190321A	7.4	500	4	0	1	2.5
GRB190321A	7.4	500	4	0	1	2.0
GRB190321A	7.6	500	4	0	1	2.5
GRB190321A	7.6	500	4	0	1	2.0
GRB190321A	7.8	500	4	0	1	2.5
GRB190321A	7.8	500	4	0	1	2.0
GRB190321A	8.0	500	4	0	1	2.5
GRB190321A	8.0	500	4	0	1	2.0
GRB190321A	8.2	500	4	0	1	2.5
GRB190321A	8.2	500	4	0	1	2.0
GRB190321A	8.4	500	4	0	1	2.5
GRB190321A	8.4	500	4	0	1	2.0
GRB190321A	8.6	500	4	0	1	2.5
GRB190321A	8.6	500	4	0	1	2.0
GRB190321A	8.8	500	4	0	1	2.5
GRB190321A	8.8	500	4	0	1	2.0
GRB190321A	9.0	500	4	0	1	2.5
GRB190321A	9.0	500	4	0	1	2.0
GRB170915A	0.0	500	4	0	1	2.5
GRB170915A	0.0	500	4	0	1	2.0
GRB170915A	0.2	500	4	0	1	2.5
GRB170915A	0.2	500	4	0	1	2.0
GRB170915A	0.4	500	4	0	1	2.5
GRB170915A	0.4	500	4	0	1	2.0
GRB170915A	0.6	500	4	0	1	2.5
GRB170915A	0.6	500	4	0	1	2.0
GRB170915A	0.8	500	4	0	1	2.5
GRB170915A	0.8	500	4	0	1	2.0
GRB170915A	1.0	500	4	0	1	2.5
GRB170915A	1.0	500	4	0	1	2.0
GRB170915A	1.2	500	4	0	1	2.5
GRB170915A	1.2	500	4	0	1	2.0
GRB170915A	1.4	500	4	0	1	2.5
GRB170915A	1.4	500	4	0	1	2.0
GRB170915A	1.6	500	4	0	1	2.5
GRB170915A	1.6	500	4	0	1	2.0
GRB170915A	1.8	500	4	0	1	2.5
GRB170915A	1.8	500	4	0	1	2.0
GRB170915A	2.0	500	4	0	1	2.5
GRB170915A	2.0	500	4	0	1	2.0
GRB170915A	2.2	500	4	0	1	2.5
GRB170915A	2.2	500	4	0	1	2.0
GRB170915A	2.4	500	4	0	1	2.5
GRB170915A	2.4	500	4	0	1	2.0
GRB170915A	2.6	500	4	0	1	2.5
GRB170915A	2.6	500	4	0	1	2.0
GRB170915A	2.8	500	4	0	1	2.5
GRB170915A	2.8	500	4	0	1	2.0
GRB170915A	3.0	500	4	0	1	2.5
GRB170915A	3.0	500	4	0	1	2.0
GRB170915A	3.2	500	4	0	1	2.5
GRB170915A	3.2	500	4	0	1	2.0
GRB170915A	3.4	500	4	0	1	2.5
GRB170915A	3.4	500	4	0	1	2.0
GRB170915A	3.6	500	4	0	1	2.5
GRB170915A	3.6	500	4	0	1	2.0
GRB170915A	3.8	500	4	0	1	2.5
GRB170915A	3.8	500	4	0	1	2.0
GRB170915A	4.0	500	4	0	1	2.5
GRB170915A	4.0	500	4	0	1	2.0
GRB170915A	4.2	500	4	0	1	2.5
GRB170915A	4.2	500	4	0	1	2.0
GRB170915A	4.4	500	4	0	1	2.5
GRB170915A	4.4	500	4	0	1	2.0
GRB170915A	4.6	500	4	0	1	2.5
GRB170915A	4.6	500	4	0	1	2.0
GRB170915A	4.8	500	4	0	1	2.5
GRB170915A	4.8	500	4	0	1	2.0
GRB170915A	5.0	500	4	0	1	2.5
GRB170915A	5.0	500	4	0	1	2.0
GRB170915A	5.2	500	4	0	1	2.5
GRB170915A	5.2	500	4	0	1	2.0
GRB170915A	5.4	500	4	0	1	2.5
GRB170915A	5.4	500	4	0	1	2.0
GRB170915A	5.6	500	4	0	1	2.5
GRB170915A	5.6	500	4	0	1	2.0
GRB170915A	5.8	500	4	0	1	2.5
GRB170915A	5.8	500	4	0	1	2.0
GRB170915A	6.0	500	4	0	1	2.5
GRB170915A	6.0	500	4	0	1	2.0
GRB170915A	6.2	500	4	0	1	2.5
GRB170915A	6.2	500	4	0	1	2.0
GRB170915A	6.4	500	4	0	1	2.5
GRB170915A	6.4	500	4	0	1	2.0
GRB170915A	6.6	500	4	0	1	2.5
GRB170915A	6.6	500	4	0	1	2.0
GRB170915A	6.8	500	4	0	1	2.5
GRB170915A	6.8	500	4	0	1	2.0
GRB170915A	7.0	500	4	0	1	2.5
GRB170915A	7.0	500	4	0	1	2.0
GRB170915A	7.2	500	4	0	1	2.5
GRB170915A	7.2	500	4	0	1	2.0
GRB170915A	7.4	500	4	0	1	2.5
GRB170915A	7.4	500	4	0	1	2.0
GRB170915A	7.6	500	4	0	1	2.5
GRB170915A	7.6	500	4	0	1	2.0
GRB170915A	7.8	500	4	0	1	2.5
GRB170915A	7.8	500	4	0	1	2.0
GRB170915A	8.0	500	4	0	1	2.5
GRB170915A	8.0	500	4	0	1	2.0
GRB170915A	8.2	500	4	0	1	2.5
GRB170915A	8.2	500	4	0	1	2.0
GRB170915A	8.4	500	4	0	1	2.5
GRB170915A	8.4	500	4	0	1	2.0
GRB170915A	8.6	500	4	0	1	2.5
GRB170915A	8.6	500	4	0	1	2.0
GRB170915A	8.8	500	4	0	1	2.5
GRB170915A	8.8	500	4	0	1	2.0
GRB170915A	9.0	500	4	0	1	2.5
GRB170915A	9.0	500	4	0	1	2.0
