0	6	1000	0	8
6	12	1000	0	8
12	18	1000	0	8
18	24	1000	0	8
24	30	1000	0	8
30	36	1000	0	8
36	42	1000	0	8
42	48	1000	0	8
48	54	1000	0	8
54	60	1000	0	8
60	66	1000	0	8
66	72	1000	0	8
72	78	1000	0	8
78	84	1000	0	8
84	90	1000	0	8
90	96	1000	0	8
96	102	1000	0	8
102	108	1000	0	8
108	114	1000	0	8
114	120	1000	0	8
120	126	1000	0	8
126	132	1000	0	8
132	138	1000	0	8
138	144	1000	0	8
144	150	1000	0	8
150	156	1000	0	8
156	162	1000	0	8
162	168	1000	0	8
168	174	1000	0	8
174	180	1000	0	8
180	186	1000	0	8
186	192	1000	0	8
192	198	1000	0	8
198	204	1000	0	8
204	210	1000	0	8
210	216	1000	0	8
216	222	1000	0	8
222	228	1000	0	8
228	234	1000	0	8
234	240	1000	0	8
240	246	1000	0	8
246	252	1000	0	8
252	258	1000	0	8
258	264	1000	0	8
264	270	1000	0	8
270	276	1000	0	8
276	282	1000	0	8
282	288	1000	0	8
288	294	1000	0	8
294	300	1000	0	8
300	306	1000	0	8
306	312	1000	0	8
312	318	1000	0	8
318	324	1000	0	8
324	330	1000	0	8
330	336	1000	0	8
336	342	1000	0	8
342	348	1000	0	8
348	354	1000	0	8
354	360	1000	0	8
360	366	1000	0	8
366	372	1000	0	8
372	378	1000	0	8
378	384	1000	0	8
384	390	1000	0	8
390	396	1000	0	8
396	402	1000	0	8
402	408	1000	0	8
408	414	1000	0	8
414	420	1000	0	8
420	426	1000	0	8
426	432	1000	0	8
432	438	1000	0	8
438	444	1000	0	8
444	450	1000	0	8
450	456	1000	0	8
456	462	1000	0	8
462	468	1000	0	8
468	474	1000	0	8
474	480	1000	0	8
480	486	1000	0	8
486	492	1000	0	8
492	498	1000	0	8
498	504	1000	0	8
504	510	1000	0	8
510	516	1000	0	8
516	522	1000	0	8
522	528	1000	0	8
528	534	1000	0	8
534	540	1000	0	8
540	546	1000	0	8
546	552	1000	0	8
552	558	1000	0	8
558	564	1000	0	8
564	570	1000	0	8
570	576	1000	0	8
576	582	1000	0	8
582	588	1000	0	8
588	594	1000	0	8
594	600	1000	0	8
600	606	1000	0	8
606	612	1000	0	8
612	618	1000	0	8
618	624	1000	0	8
624	630	1000	0	8
630	636	1000	0	8
636	642	1000	0	8
642	648	1000	0	8
648	654	1000	0	8
654	660	1000	0	8
660	666	1000	0	8
666	672	1000	0	8
672	678	1000	0	8
678	684	1000	0	8
684	690	1000	0	8
690	696	1000	0	8
696	702	1000	0	8
702	708	1000	0	8
708	714	1000	0	8
714	720	1000	0	8
720	726	1000	0	8
726	732	1000	0	8
732	738	1000	0	8
738	744	1000	0	8
744	750	1000	0	8
750	756	1000	0	8
756	762	1000	0	8
762	768	1000	0	8
768	774	1000	0	8
774	780	1000	0	8
780	786	1000	0	8
786	792	1000	0	8
792	798	1000	0	8
798	804	1000	0	8
804	810	1000	0	8
810	816	1000	0	8
816	822	1000	0	8
822	828	1000	0	8
828	834	1000	0	8
834	840	1000	0	8
840	846	1000	0	8
846	852	1000	0	8
852	858	1000	0	8
858	864	1000	0	8
864	870	1000	0	8
870	876	1000	0	8
876	882	1000	0	8
882	888	1000	0	8
888	894	1000	0	8
894	900	1000	0	8
900	906	1000	0	8
906	912	1000	0	8
912	918	1000	0	8
918	924	1000	0	8
924	930	1000	0	8
930	936	1000	0	8
936	942	1000	0	8
942	948	1000	0	8
948	954	1000	0	8
954	960	1000	0	8
960	966	1000	0	8
966	972	1000	0	8
972	978	1000	0	8
978	984	1000	0	8
984	990	1000	0	8
990	996	1000	0	8
996	1002	1000	0	8
1002	1008	1000	0	8
1008	1014	1000	0	8
1014	1020	1000	0	8
1020	1026	1000	0	8
1026	1032	1000	0	8
1032	1038	1000	0	8
1038	1044	1000	0	8
1044	1050	1000	0	8
1050	1056	1000	0	8
1056	1062	1000	0	8
1062	1068	1000	0	8
1068	1074	1000	0	8
1074	1080	1000	0	8
1080	1086	1000	0	8
1086	1092	1000	0	8
1092	1098	1000	0	8
1098	1104	1000	0	8
1104	1110	1000	0	8
1110	1116	1000	0	8
1116	1122	1000	0	8
1122	1128	1000	0	8
1128	1134	1000	0	8
1134	1140	1000	0	8
1140	1146	1000	0	8
1146	1152	1000	0	8
1152	1158	1000	0	8
1158	1164	1000	0	8
1164	1170	1000	0	8
1170	1176	1000	0	8
1176	1182	1000	0	8
1182	1188	1000	0	8
1188	1194	1000	0	8
1194	1200	1000	0	8
1200	1206	1000	0	8
1206	1212	1000	0	8
1212	1218	1000	0	8
1218	1224	1000	0	8
1224	1230	1000	0	8
1230	1236	1000	0	8
1236	1242	1000	0	8
1242	1248	1000	0	8
1248	1254	1000	0	8
1254	1260	1000	0	8
1260	1266	1000	0	8
1266	1272	1000	0	8
1272	1278	1000	0	8
1278	1284	1000	0	8
1284	1290	1000	0	8
1290	1296	1000	0	8
1296	1302	1000	0	8
1302	1308	1000	0	8
1308	1314	1000	0	8
1314	1320	1000	0	8
1320	1326	1000	0	8
1326	1332	1000	0	8
1332	1338	1000	0	8
1338	1344	1000	0	8
1344	1350	1000	0	8
1350	1356	1000	0	8
1356	1362	1000	0	8
1362	1368	1000	0	8
1368	1374	1000	0	8
1374	1380	1000	0	8
1380	1386	1000	0	8
1386	1392	1000	0	8
1392	1398	1000	0	8
1398	1404	1000	0	8
1404	1410	1000	0	8
1410	1416	1000	0	8
1416	1422	1000	0	8
1422	1428	1000	0	8
1428	1434	1000	0	8
1434	1440	1000	0	8
1440	1446	1000	0	8
1446	1452	1000	0	8
1452	1458	1000	0	8
1458	1464	1000	0	8
1464	1470	1000	0	8
1470	1476	1000	0	8
1476	1482	1000	0	8
1482	1488	1000	0	8
1488	1494	1000	0	8
1494	1500	1000	0	8
1500	1506	1000	0	8
1506	1512	1000	0	8
1512	1518	1000	0	8
1518	1524	1000	0	8
1524	1530	1000	0	8
1530	1536	1000	0	8
1536	1542	1000	0	8
1542	1548	1000	0	8
1548	1554	1000	0	8
1554	1560	1000	0	8
1560	1566	1000	0	8
1566	1572	1000	0	8
1572	1578	1000	0	8
1578	1584	1000	0	8
1584	1590	1000	0	8
1590	1596	1000	0	8
1596	1602	1000	0	8
1602	1608	1000	0	8
1608	1614	1000	0	8
1614	1620	1000	0	8
1620	1626	1000	0	8
1626	1632	1000	0	8
1632	1638	1000	0	8
1638	1644	1000	0	8
1644	1650	1000	0	8
1650	1656	1000	0	8
1656	1662	1000	0	8
1662	1668	1000	0	8
1668	1674	1000	0	8
1674	1680	1000	0	8
1680	1686	1000	0	8
1686	1692	1000	0	8
1692	1698	1000	0	8
1698	1704	1000	0	8
1704	1710	1000	0	8
1710	1716	1000	0	8
1716	1722	1000	0	8
1722	1728	1000	0	8
1728	1734	1000	0	8
1734	1740	1000	0	8
1740	1746	1000	0	8
1746	1752	1000	0	8
1752	1758	1000	0	8
1758	1764	1000	0	8
1764	1770	1000	0	8
1770	1776	1000	0	8
1776	1782	1000	0	8
1782	1788	1000	0	8
1788	1794	1000	0	8
1794	1800	1000	0	8
1800	1806	1000	0	8
1806	1812	1000	0	8
1812	1818	1000	0	8
1818	1824	1000	0	8
1824	1830	1000	0	8
1830	1836	1000	0	8
1836	1842	1000	0	8
1842	1848	1000	0	8
1848	1854	1000	0	8
1854	1860	1000	0	8
1860	1866	1000	0	8
1866	1872	1000	0	8
1872	1878	1000	0	8
1878	1884	1000	0	8
1884	1890	1000	0	8
1890	1896	1000	0	8
1896	1902	1000	0	8
1902	1908	1000	0	8
1908	1914	1000	0	8
1914	1920	1000	0	8
1920	1926	1000	0	8
1926	1932	1000	0	8
1932	1938	1000	0	8
1938	1944	1000	0	8
1944	1950	1000	0	8
1950	1956	1000	0	8
1956	1962	1000	0	8
1962	1968	1000	0	8
1968	1974	1000	0	8
1974	1980	1000	0	8
1980	1986	1000	0	8
1986	1992	1000	0	8
1992	1998	1000	0	8
1998	2004	1000	0	8
2004	2010	1000	0	8
2010	2016	1000	0	8
2016	2022	1000	0	8
2022	2028	1000	0	8
2028	2034	1000	0	8
2034	2040	1000	0	8
2040	2046	1000	0	8
2046	2052	1000	0	8
2052	2058	1000	0	8
2058	2064	1000	0	8
2064	2070	1000	0	8
2070	2076	1000	0	8
2076	2082	1000	0	8
2082	2088	1000	0	8
2088	2094	1000	0	8
2094	2100	1000	0	8
2100	2106	1000	0	8
2106	2112	1000	0	8
2112	2118	1000	0	8
2118	2124	1000	0	8
2124	2130	1000	0	8
2130	2136	1000	0	8
2136	2142	1000	0	8
2142	2148	1000	0	8
2148	2154	1000	0	8
2154	2160	1000	0	8
2160	2166	1000	0	8
2166	2172	1000	0	8
2172	2178	1000	0	8
2178	2184	1000	0	8
2184	2190	1000	0	8
2190	2196	1000	0	8
2196	2202	1000	0	8
2202	2208	1000	0	8
2208	2214	1000	0	8
2214	2220	1000	0	8
2220	2226	1000	0	8
2226	2232	1000	0	8
2232	2238	1000	0	8
2238	2244	1000	0	8
2244	2250	1000	0	8
2250	2256	1000	0	8
2256	2262	1000	0	8
2262	2268	1000	0	8
